58
000000
118
000001
102
00001
111
0001
117
001000
112
0010010
50
0010011
10
00101
110
0011
101
010
100
0110
71
0111000
68
011100100
53
0111001010
69
0111001011
79
011100110
72
01110011100
83
01110011101
66
0111001111
44
011101
119
011110
98
0111110
46
0111111
104
1000
97
1001
103
101000
49
1010010
99
1010011
115
10101
65
1011000
107
10110010
59
101100110
51
1011001110
84
1011001111
109
101101
114
10111
116
1100
105
11010
121
1101100
77
110110100000
120
110110100001
67
1101101000100
70
1101101000101
74
1101101000110
75
1101101000111
78
1101101001000
80
1101101001001
86
1101101001010
87
1101101001011
48
11011010011
76
110110101
54
11011011000
55
11011011001
56
11011011010
57
11011011011
82
1101101110
73
11011011110
52
11011011111
108
110111
32
111
2